output_folder degree_day_factor log_ksat log_recession_coef manning_coef
code__a__1 0.5 -0.5 -1 0.5
code__a__2 0.5 -0.5 -0.5 0.5
code__a__3 0.5 -0.5 0 0.5
code__a__4 0.5 -0.5 0.5 0.5
code__a__5 0.5 -0.5 1 0.5
code__a__6 0.5 -0.25 -1 0.5
code__a__7 0.5 -0.25 -0.5 0.5
code__a__8 0.5 -0.25 0 0.5
code__a__9 0.5 -0.25 0.5 0.5
code__a__10 0.5 -0.25 1 0.5
code__a__11 0.5 0 -1 0.5
code__a__12 0.5 0 -0.5 0.5
code__a__13 0.5 0 0 0.5
code__a__14 0.5 0 0.5 0.5
code__a__15 0.5 0 1 0.5
code__a__16 0.5 0.25 -1 0.5
code__a__17 0.5 0.25 -0.5 0.5
code__a__18 0.5 0.25 0 0.5
code__a__19 0.5 0.25 0.5 0.5
code__a__20 0.5 0.25 1 0.5
code__a__21 0.5 0.5 -1 0.5
code__a__22 0.5 0.5 -0.5 0.5
code__a__23 0.5 0.5 0 0.5
code__a__24 0.5 0.5 0.5 0.5
code__a__25 0.5 0.5 1 0.5
code__a__26 0.5 -0.5 -1 0.75
code__a__27 0.5 -0.5 -0.5 0.75
code__a__28 0.5 -0.5 0 0.75
code__a__29 0.5 -0.5 0.5 0.75
code__a__30 0.5 -0.5 1 0.75
code__a__31 0.5 -0.25 -1 0.75
code__a__32 0.5 -0.25 -0.5 0.75
code__a__33 0.5 -0.25 0 0.75
code__a__34 0.5 -0.25 0.5 0.75
code__a__35 0.5 -0.25 1 0.75
code__a__36 0.5 0 -1 0.75
code__a__37 0.5 0 -0.5 0.75
code__a__38 0.5 0 0 0.75
code__a__39 0.5 0 0.5 0.75
code__a__40 0.5 0 1 0.75
code__a__41 0.5 0.25 -1 0.75
code__a__42 0.5 0.25 -0.5 0.75
code__a__43 0.5 0.25 0 0.75
code__a__44 0.5 0.25 0.5 0.75
code__a__45 0.5 0.25 1 0.75
code__a__46 0.5 0.5 -1 0.75
code__a__47 0.5 0.5 -0.5 0.75
code__a__48 0.5 0.5 0 0.75
code__a__49 0.5 0.5 0.5 0.75
code__a__50 0.5 0.5 1 0.75
code__a__51 0.5 -0.5 -1 1
code__a__52 0.5 -0.5 -0.5 1
code__a__53 0.5 -0.5 0 1
code__a__54 0.5 -0.5 0.5 1
code__a__55 0.5 -0.5 1 1
code__a__56 0.5 -0.25 -1 1
code__a__57 0.5 -0.25 -0.5 1
code__a__58 0.5 -0.25 0 1
code__a__59 0.5 -0.25 0.5 1
code__a__60 0.5 -0.25 1 1
code__a__61 0.5 0 -1 1
code__a__62 0.5 0 -0.5 1
code__a__63 0.5 0 0 1
code__a__64 0.5 0 0.5 1
code__a__65 0.5 0 1 1
code__a__66 0.5 0.25 -1 1
code__a__67 0.5 0.25 -0.5 1
code__a__68 0.5 0.25 0 1
code__a__69 0.5 0.25 0.5 1
code__a__70 0.5 0.25 1 1
code__a__71 0.5 0.5 -1 1
code__a__72 0.5 0.5 -0.5 1
code__a__73 0.5 0.5 0 1
code__a__74 0.5 0.5 0.5 1
code__a__75 0.5 0.5 1 1
code__a__76 0.5 -0.5 -1 1.25
code__a__77 0.5 -0.5 -0.5 1.25
code__a__78 0.5 -0.5 0 1.25
code__a__79 0.5 -0.5 0.5 1.25
code__a__80 0.5 -0.5 1 1.25
code__a__81 0.5 -0.25 -1 1.25
code__a__82 0.5 -0.25 -0.5 1.25
code__a__83 0.5 -0.25 0 1.25
code__a__84 0.5 -0.25 0.5 1.25
code__a__85 0.5 -0.25 1 1.25
code__a__86 0.5 0 -1 1.25
code__a__87 0.5 0 -0.5 1.25
code__a__88 0.5 0 0 1.25
code__a__89 0.5 0 0.5 1.25
code__a__90 0.5 0 1 1.25
code__a__91 0.5 0.25 -1 1.25
code__a__92 0.5 0.25 -0.5 1.25
code__a__93 0.5 0.25 0 1.25
code__a__94 0.5 0.25 0.5 1.25
code__a__95 0.5 0.25 1 1.25
code__a__96 0.5 0.5 -1 1.25
code__a__97 0.5 0.5 -0.5 1.25
code__a__98 0.5 0.5 0 1.25
code__a__99 0.5 0.5 0.5 1.25
code__a__100 0.5 0.5 1 1.25
code__a__101 0.5 -0.5 -1 1.5
code__a__102 0.5 -0.5 -0.5 1.5
code__a__103 0.5 -0.5 0 1.5
code__a__104 0.5 -0.5 0.5 1.5
code__a__105 0.5 -0.5 1 1.5
code__a__106 0.5 -0.25 -1 1.5
code__a__107 0.5 -0.25 -0.5 1.5
code__a__108 0.5 -0.25 0 1.5
code__a__109 0.5 -0.25 0.5 1.5
code__a__110 0.5 -0.25 1 1.5
code__a__111 0.5 0 -1 1.5
code__a__112 0.5 0 -0.5 1.5
code__a__113 0.5 0 0 1.5
code__a__114 0.5 0 0.5 1.5
code__a__115 0.5 0 1 1.5
code__a__116 0.5 0.25 -1 1.5
code__a__117 0.5 0.25 -0.5 1.5
code__a__118 0.5 0.25 0 1.5
code__a__119 0.5 0.25 0.5 1.5
code__a__120 0.5 0.25 1 1.5
code__a__121 0.5 0.5 -1 1.5
code__a__122 0.5 0.5 -0.5 1.5
code__a__123 0.5 0.5 0 1.5
code__a__124 0.5 0.5 0.5 1.5
code__a__125 0.5 0.5 1 1.5
code__a__126 0.75 -0.5 -1 0.5
code__a__127 0.75 -0.5 -0.5 0.5
code__a__128 0.75 -0.5 0 0.5
code__a__129 0.75 -0.5 0.5 0.5
code__a__130 0.75 -0.5 1 0.5
code__a__131 0.75 -0.25 -1 0.5
code__a__132 0.75 -0.25 -0.5 0.5
code__a__133 0.75 -0.25 0 0.5
code__a__134 0.75 -0.25 0.5 0.5
code__a__135 0.75 -0.25 1 0.5
code__a__136 0.75 0 -1 0.5
code__a__137 0.75 0 -0.5 0.5
code__a__138 0.75 0 0 0.5
code__a__139 0.75 0 0.5 0.5
code__a__140 0.75 0 1 0.5
code__a__141 0.75 0.25 -1 0.5
code__a__142 0.75 0.25 -0.5 0.5
code__a__143 0.75 0.25 0 0.5
code__a__144 0.75 0.25 0.5 0.5
code__a__145 0.75 0.25 1 0.5
code__a__146 0.75 0.5 -1 0.5
code__a__147 0.75 0.5 -0.5 0.5
code__a__148 0.75 0.5 0 0.5
code__a__149 0.75 0.5 0.5 0.5
code__a__150 0.75 0.5 1 0.5
code__a__151 0.75 -0.5 -1 0.75
code__a__152 0.75 -0.5 -0.5 0.75
code__a__153 0.75 -0.5 0 0.75
code__a__154 0.75 -0.5 0.5 0.75
code__a__155 0.75 -0.5 1 0.75
code__a__156 0.75 -0.25 -1 0.75
code__a__157 0.75 -0.25 -0.5 0.75
code__a__158 0.75 -0.25 0 0.75
code__a__159 0.75 -0.25 0.5 0.75
code__a__160 0.75 -0.25 1 0.75
code__a__161 0.75 0 -1 0.75
code__a__162 0.75 0 -0.5 0.75
code__a__163 0.75 0 0 0.75
code__a__164 0.75 0 0.5 0.75
code__a__165 0.75 0 1 0.75
code__a__166 0.75 0.25 -1 0.75
code__a__167 0.75 0.25 -0.5 0.75
code__a__168 0.75 0.25 0 0.75
code__a__169 0.75 0.25 0.5 0.75
code__a__170 0.75 0.25 1 0.75
code__a__171 0.75 0.5 -1 0.75
code__a__172 0.75 0.5 -0.5 0.75
code__a__173 0.75 0.5 0 0.75
code__a__174 0.75 0.5 0.5 0.75
code__a__175 0.75 0.5 1 0.75
code__a__176 0.75 -0.5 -1 1
code__a__177 0.75 -0.5 -0.5 1
code__a__178 0.75 -0.5 0 1
code__a__179 0.75 -0.5 0.5 1
code__a__180 0.75 -0.5 1 1
code__a__181 0.75 -0.25 -1 1
code__a__182 0.75 -0.25 -0.5 1
code__a__183 0.75 -0.25 0 1
code__a__184 0.75 -0.25 0.5 1
code__a__185 0.75 -0.25 1 1
code__a__186 0.75 0 -1 1
code__a__187 0.75 0 -0.5 1
code__a__188 0.75 0 0 1
code__a__189 0.75 0 0.5 1
code__a__190 0.75 0 1 1
code__a__191 0.75 0.25 -1 1
code__a__192 0.75 0.25 -0.5 1
code__a__193 0.75 0.25 0 1
code__a__194 0.75 0.25 0.5 1
code__a__195 0.75 0.25 1 1
code__a__196 0.75 0.5 -1 1
code__a__197 0.75 0.5 -0.5 1
code__a__198 0.75 0.5 0 1
code__a__199 0.75 0.5 0.5 1
code__a__200 0.75 0.5 1 1
code__a__201 0.75 -0.5 -1 1.25
code__a__202 0.75 -0.5 -0.5 1.25
code__a__203 0.75 -0.5 0 1.25
code__a__204 0.75 -0.5 0.5 1.25
code__a__205 0.75 -0.5 1 1.25
code__a__206 0.75 -0.25 -1 1.25
code__a__207 0.75 -0.25 -0.5 1.25
code__a__208 0.75 -0.25 0 1.25
code__a__209 0.75 -0.25 0.5 1.25
code__a__210 0.75 -0.25 1 1.25
code__a__211 0.75 0 -1 1.25
code__a__212 0.75 0 -0.5 1.25
code__a__213 0.75 0 0 1.25
code__a__214 0.75 0 0.5 1.25
code__a__215 0.75 0 1 1.25
code__a__216 0.75 0.25 -1 1.25
code__a__217 0.75 0.25 -0.5 1.25
code__a__218 0.75 0.25 0 1.25
code__a__219 0.75 0.25 0.5 1.25
code__a__220 0.75 0.25 1 1.25
code__a__221 0.75 0.5 -1 1.25
code__a__222 0.75 0.5 -0.5 1.25
code__a__223 0.75 0.5 0 1.25
code__a__224 0.75 0.5 0.5 1.25
code__a__225 0.75 0.5 1 1.25
code__a__226 0.75 -0.5 -1 1.5
code__a__227 0.75 -0.5 -0.5 1.5
code__a__228 0.75 -0.5 0 1.5
code__a__229 0.75 -0.5 0.5 1.5
code__a__230 0.75 -0.5 1 1.5
code__a__231 0.75 -0.25 -1 1.5
code__a__232 0.75 -0.25 -0.5 1.5
code__a__233 0.75 -0.25 0 1.5
code__a__234 0.75 -0.25 0.5 1.5
code__a__235 0.75 -0.25 1 1.5
code__a__236 0.75 0 -1 1.5
code__a__237 0.75 0 -0.5 1.5
code__a__238 0.75 0 0 1.5
code__a__239 0.75 0 0.5 1.5
code__a__240 0.75 0 1 1.5
code__a__241 0.75 0.25 -1 1.5
code__a__242 0.75 0.25 -0.5 1.5
code__a__243 0.75 0.25 0 1.5
code__a__244 0.75 0.25 0.5 1.5
code__a__245 0.75 0.25 1 1.5
code__a__246 0.75 0.5 -1 1.5
code__a__247 0.75 0.5 -0.5 1.5
code__a__248 0.75 0.5 0 1.5
code__a__249 0.75 0.5 0.5 1.5
code__a__250 0.75 0.5 1 1.5
code__a__251 1 -0.5 -1 0.5
code__a__252 1 -0.5 -0.5 0.5
code__a__253 1 -0.5 0 0.5
code__a__254 1 -0.5 0.5 0.5
code__a__255 1 -0.5 1 0.5
code__a__256 1 -0.25 -1 0.5
code__a__257 1 -0.25 -0.5 0.5
code__a__258 1 -0.25 0 0.5
code__a__259 1 -0.25 0.5 0.5
code__a__260 1 -0.25 1 0.5
code__a__261 1 0 -1 0.5
code__a__262 1 0 -0.5 0.5
code__a__263 1 0 0 0.5
code__a__264 1 0 0.5 0.5
code__a__265 1 0 1 0.5
code__a__266 1 0.25 -1 0.5
code__a__267 1 0.25 -0.5 0.5
code__a__268 1 0.25 0 0.5
code__a__269 1 0.25 0.5 0.5
code__a__270 1 0.25 1 0.5
code__a__271 1 0.5 -1 0.5
code__a__272 1 0.5 -0.5 0.5
code__a__273 1 0.5 0 0.5
code__a__274 1 0.5 0.5 0.5
code__a__275 1 0.5 1 0.5
code__a__276 1 -0.5 -1 0.75
code__a__277 1 -0.5 -0.5 0.75
code__a__278 1 -0.5 0 0.75
code__a__279 1 -0.5 0.5 0.75
code__a__280 1 -0.5 1 0.75
code__a__281 1 -0.25 -1 0.75
code__a__282 1 -0.25 -0.5 0.75
code__a__283 1 -0.25 0 0.75
code__a__284 1 -0.25 0.5 0.75
code__a__285 1 -0.25 1 0.75
code__a__286 1 0 -1 0.75
code__a__287 1 0 -0.5 0.75
code__a__288 1 0 0 0.75
code__a__289 1 0 0.5 0.75
code__a__290 1 0 1 0.75
code__a__291 1 0.25 -1 0.75
code__a__292 1 0.25 -0.5 0.75
code__a__293 1 0.25 0 0.75
code__a__294 1 0.25 0.5 0.75
code__a__295 1 0.25 1 0.75
code__a__296 1 0.5 -1 0.75
code__a__297 1 0.5 -0.5 0.75
code__a__298 1 0.5 0 0.75
code__a__299 1 0.5 0.5 0.75
code__a__300 1 0.5 1 0.75
code__a__301 1 -0.5 -1 1
code__a__302 1 -0.5 -0.5 1
code__a__303 1 -0.5 0 1
code__a__304 1 -0.5 0.5 1
code__a__305 1 -0.5 1 1
code__a__306 1 -0.25 -1 1
code__a__307 1 -0.25 -0.5 1
code__a__308 1 -0.25 0 1
code__a__309 1 -0.25 0.5 1
code__a__310 1 -0.25 1 1
code__a__311 1 0 -1 1
code__a__312 1 0 -0.5 1
code__a__313 1 0 0.5 1
code__a__314 1 0 1 1
code__a__315 1 0.25 -1 1
code__a__316 1 0.25 -0.5 1
code__a__317 1 0.25 0 1
code__a__318 1 0.25 0.5 1
code__a__319 1 0.25 1 1
code__a__320 1 0.5 -1 1
code__a__321 1 0.5 -0.5 1
code__a__322 1 0.5 0 1
code__a__323 1 0.5 0.5 1
code__a__324 1 0.5 1 1
code__a__325 1 -0.5 -1 1.25
code__a__326 1 -0.5 -0.5 1.25
code__a__327 1 -0.5 0 1.25
code__a__328 1 -0.5 0.5 1.25
code__a__329 1 -0.5 1 1.25
code__a__330 1 -0.25 -1 1.25
code__a__331 1 -0.25 -0.5 1.25
code__a__332 1 -0.25 0 1.25
code__a__333 1 -0.25 0.5 1.25
code__a__334 1 -0.25 1 1.25
code__a__335 1 0 -1 1.25
code__a__336 1 0 -0.5 1.25
code__a__337 1 0 0 1.25
code__a__338 1 0 0.5 1.25
code__a__339 1 0 1 1.25
code__a__340 1 0.25 -1 1.25
code__a__341 1 0.25 -0.5 1.25
code__a__342 1 0.25 0 1.25
code__a__343 1 0.25 0.5 1.25
code__a__344 1 0.25 1 1.25
code__a__345 1 0.5 -1 1.25
code__a__346 1 0.5 -0.5 1.25
code__a__347 1 0.5 0 1.25
code__a__348 1 0.5 0.5 1.25
code__a__349 1 0.5 1 1.25
code__a__350 1 -0.5 -1 1.5
code__a__351 1 -0.5 -0.5 1.5
code__a__352 1 -0.5 0 1.5
code__a__353 1 -0.5 0.5 1.5
code__a__354 1 -0.5 1 1.5
code__a__355 1 -0.25 -1 1.5
code__a__356 1 -0.25 -0.5 1.5
code__a__357 1 -0.25 0 1.5
code__a__358 1 -0.25 0.5 1.5
code__a__359 1 -0.25 1 1.5
code__a__360 1 0 -1 1.5
code__a__361 1 0 -0.5 1.5
code__a__362 1 0 0 1.5
code__a__363 1 0 0.5 1.5
code__a__364 1 0 1 1.5
code__a__365 1 0.25 -1 1.5
code__a__366 1 0.25 -0.5 1.5
code__a__367 1 0.25 0 1.5
code__a__368 1 0.25 0.5 1.5
code__a__369 1 0.25 1 1.5
code__a__370 1 0.5 -1 1.5
code__a__371 1 0.5 -0.5 1.5
code__a__372 1 0.5 0 1.5
code__a__373 1 0.5 0.5 1.5
code__a__374 1 0.5 1 1.5
code__a__375 1.25 -0.5 -1 0.5
code__a__376 1.25 -0.5 -0.5 0.5
code__a__377 1.25 -0.5 0 0.5
code__a__378 1.25 -0.5 0.5 0.5
code__a__379 1.25 -0.5 1 0.5
code__a__380 1.25 -0.25 -1 0.5
code__a__381 1.25 -0.25 -0.5 0.5
code__a__382 1.25 -0.25 0 0.5
code__a__383 1.25 -0.25 0.5 0.5
code__a__384 1.25 -0.25 1 0.5
code__a__385 1.25 0 -1 0.5
code__a__386 1.25 0 -0.5 0.5
code__a__387 1.25 0 0 0.5
code__a__388 1.25 0 0.5 0.5
code__a__389 1.25 0 1 0.5
code__a__390 1.25 0.25 -1 0.5
code__a__391 1.25 0.25 -0.5 0.5
code__a__392 1.25 0.25 0 0.5
code__a__393 1.25 0.25 0.5 0.5
code__a__394 1.25 0.25 1 0.5
code__a__395 1.25 0.5 -1 0.5
code__a__396 1.25 0.5 -0.5 0.5
code__a__397 1.25 0.5 0 0.5
code__a__398 1.25 0.5 0.5 0.5
code__a__399 1.25 0.5 1 0.5
code__a__400 1.25 -0.5 -1 0.75
code__a__401 1.25 -0.5 -0.5 0.75
code__a__402 1.25 -0.5 0 0.75
code__a__403 1.25 -0.5 0.5 0.75
code__a__404 1.25 -0.5 1 0.75
code__a__405 1.25 -0.25 -1 0.75
code__a__406 1.25 -0.25 -0.5 0.75
code__a__407 1.25 -0.25 0 0.75
code__a__408 1.25 -0.25 0.5 0.75
code__a__409 1.25 -0.25 1 0.75
code__a__410 1.25 0 -1 0.75
code__a__411 1.25 0 -0.5 0.75
code__a__412 1.25 0 0 0.75
code__a__413 1.25 0 0.5 0.75
code__a__414 1.25 0 1 0.75
code__a__415 1.25 0.25 -1 0.75
code__a__416 1.25 0.25 -0.5 0.75
code__a__417 1.25 0.25 0 0.75
code__a__418 1.25 0.25 0.5 0.75
code__a__419 1.25 0.25 1 0.75
code__a__420 1.25 0.5 -1 0.75
code__a__421 1.25 0.5 -0.5 0.75
code__a__422 1.25 0.5 0 0.75
code__a__423 1.25 0.5 0.5 0.75
code__a__424 1.25 0.5 1 0.75
code__a__425 1.25 -0.5 -1 1
code__a__426 1.25 -0.5 -0.5 1
code__a__427 1.25 -0.5 0 1
code__a__428 1.25 -0.5 0.5 1
code__a__429 1.25 -0.5 1 1
code__a__430 1.25 -0.25 -1 1
code__a__431 1.25 -0.25 -0.5 1
code__a__432 1.25 -0.25 0 1
code__a__433 1.25 -0.25 0.5 1
code__a__434 1.25 -0.25 1 1
code__a__435 1.25 0 -1 1
code__a__436 1.25 0 -0.5 1
code__a__437 1.25 0 0 1
code__a__438 1.25 0 0.5 1
code__a__439 1.25 0 1 1
code__a__440 1.25 0.25 -1 1
code__a__441 1.25 0.25 -0.5 1
code__a__442 1.25 0.25 0 1
code__a__443 1.25 0.25 0.5 1
code__a__444 1.25 0.25 1 1
code__a__445 1.25 0.5 -1 1
code__a__446 1.25 0.5 -0.5 1
code__a__447 1.25 0.5 0 1
code__a__448 1.25 0.5 0.5 1
code__a__449 1.25 0.5 1 1
code__a__450 1.25 -0.5 -1 1.25
code__a__451 1.25 -0.5 -0.5 1.25
code__a__452 1.25 -0.5 0 1.25
code__a__453 1.25 -0.5 0.5 1.25
code__a__454 1.25 -0.5 1 1.25
code__a__455 1.25 -0.25 -1 1.25
code__a__456 1.25 -0.25 -0.5 1.25
code__a__457 1.25 -0.25 0 1.25
code__a__458 1.25 -0.25 0.5 1.25
code__a__459 1.25 -0.25 1 1.25
code__a__460 1.25 0 -1 1.25
code__a__461 1.25 0 -0.5 1.25
code__a__462 1.25 0 0 1.25
code__a__463 1.25 0 0.5 1.25
code__a__464 1.25 0 1 1.25
code__a__465 1.25 0.25 -1 1.25
code__a__466 1.25 0.25 -0.5 1.25
code__a__467 1.25 0.25 0 1.25
code__a__468 1.25 0.25 0.5 1.25
code__a__469 1.25 0.25 1 1.25
code__a__470 1.25 0.5 -1 1.25
code__a__471 1.25 0.5 -0.5 1.25
code__a__472 1.25 0.5 0 1.25
code__a__473 1.25 0.5 0.5 1.25
code__a__474 1.25 0.5 1 1.25
code__a__475 1.25 -0.5 -1 1.5
code__a__476 1.25 -0.5 -0.5 1.5
code__a__477 1.25 -0.5 0 1.5
code__a__478 1.25 -0.5 0.5 1.5
code__a__479 1.25 -0.5 1 1.5
code__a__480 1.25 -0.25 -1 1.5
code__a__481 1.25 -0.25 -0.5 1.5
code__a__482 1.25 -0.25 0 1.5
code__a__483 1.25 -0.25 0.5 1.5
code__a__484 1.25 -0.25 1 1.5
code__a__485 1.25 0 -1 1.5
code__a__486 1.25 0 -0.5 1.5
code__a__487 1.25 0 0 1.5
code__a__488 1.25 0 0.5 1.5
code__a__489 1.25 0 1 1.5
code__a__490 1.25 0.25 -1 1.5
code__a__491 1.25 0.25 -0.5 1.5
code__a__492 1.25 0.25 0 1.5
code__a__493 1.25 0.25 0.5 1.5
code__a__494 1.25 0.25 1 1.5
code__a__495 1.25 0.5 -1 1.5
code__a__496 1.25 0.5 -0.5 1.5
code__a__497 1.25 0.5 0 1.5
code__a__498 1.25 0.5 0.5 1.5
code__a__499 1.25 0.5 1 1.5
code__a__500 1.5 -0.5 -1 0.5
code__a__501 1.5 -0.5 -0.5 0.5
code__a__502 1.5 -0.5 0 0.5
code__a__503 1.5 -0.5 0.5 0.5
code__a__504 1.5 -0.5 1 0.5
code__a__505 1.5 -0.25 -1 0.5
code__a__506 1.5 -0.25 -0.5 0.5
code__a__507 1.5 -0.25 0 0.5
code__a__508 1.5 -0.25 0.5 0.5
code__a__509 1.5 -0.25 1 0.5
code__a__510 1.5 0 -1 0.5
code__a__511 1.5 0 -0.5 0.5
code__a__512 1.5 0 0 0.5
code__a__513 1.5 0 0.5 0.5
code__a__514 1.5 0 1 0.5
code__a__515 1.5 0.25 -1 0.5
code__a__516 1.5 0.25 -0.5 0.5
code__a__517 1.5 0.25 0 0.5
code__a__518 1.5 0.25 0.5 0.5
code__a__519 1.5 0.25 1 0.5
code__a__520 1.5 0.5 -1 0.5
code__a__521 1.5 0.5 -0.5 0.5
code__a__522 1.5 0.5 0 0.5
code__a__523 1.5 0.5 0.5 0.5
code__a__524 1.5 0.5 1 0.5
code__a__525 1.5 -0.5 -1 0.75
code__a__526 1.5 -0.5 -0.5 0.75
code__a__527 1.5 -0.5 0 0.75
code__a__528 1.5 -0.5 0.5 0.75
code__a__529 1.5 -0.5 1 0.75
code__a__530 1.5 -0.25 -1 0.75
code__a__531 1.5 -0.25 -0.5 0.75
code__a__532 1.5 -0.25 0 0.75
code__a__533 1.5 -0.25 0.5 0.75
code__a__534 1.5 -0.25 1 0.75
code__a__535 1.5 0 -1 0.75
code__a__536 1.5 0 -0.5 0.75
code__a__537 1.5 0 0 0.75
code__a__538 1.5 0 0.5 0.75
code__a__539 1.5 0 1 0.75
code__a__540 1.5 0.25 -1 0.75
code__a__541 1.5 0.25 -0.5 0.75
code__a__542 1.5 0.25 0 0.75
code__a__543 1.5 0.25 0.5 0.75
code__a__544 1.5 0.25 1 0.75
code__a__545 1.5 0.5 -1 0.75
code__a__546 1.5 0.5 -0.5 0.75
code__a__547 1.5 0.5 0 0.75
code__a__548 1.5 0.5 0.5 0.75
code__a__549 1.5 0.5 1 0.75
code__a__550 1.5 -0.5 -1 1
code__a__551 1.5 -0.5 -0.5 1
code__a__552 1.5 -0.5 0 1
code__a__553 1.5 -0.5 0.5 1
code__a__554 1.5 -0.5 1 1
code__a__555 1.5 -0.25 -1 1
code__a__556 1.5 -0.25 -0.5 1
code__a__557 1.5 -0.25 0 1
code__a__558 1.5 -0.25 0.5 1
code__a__559 1.5 -0.25 1 1
code__a__560 1.5 0 -1 1
code__a__561 1.5 0 -0.5 1
code__a__562 1.5 0 0 1
code__a__563 1.5 0 0.5 1
code__a__564 1.5 0 1 1
code__a__565 1.5 0.25 -1 1
code__a__566 1.5 0.25 -0.5 1
code__a__567 1.5 0.25 0 1
code__a__568 1.5 0.25 0.5 1
code__a__569 1.5 0.25 1 1
code__a__570 1.5 0.5 -1 1
code__a__571 1.5 0.5 -0.5 1
code__a__572 1.5 0.5 0 1
code__a__573 1.5 0.5 0.5 1
code__a__574 1.5 0.5 1 1
code__a__575 1.5 -0.5 -1 1.25
code__a__576 1.5 -0.5 -0.5 1.25
code__a__577 1.5 -0.5 0 1.25
code__a__578 1.5 -0.5 0.5 1.25
code__a__579 1.5 -0.5 1 1.25
code__a__580 1.5 -0.25 -1 1.25
code__a__581 1.5 -0.25 -0.5 1.25
code__a__582 1.5 -0.25 0 1.25
code__a__583 1.5 -0.25 0.5 1.25
code__a__584 1.5 -0.25 1 1.25
code__a__585 1.5 0 -1 1.25
code__a__586 1.5 0 -0.5 1.25
code__a__587 1.5 0 0 1.25
code__a__588 1.5 0 0.5 1.25
code__a__589 1.5 0 1 1.25
code__a__590 1.5 0.25 -1 1.25
code__a__591 1.5 0.25 -0.5 1.25
code__a__592 1.5 0.25 0 1.25
code__a__593 1.5 0.25 0.5 1.25
code__a__594 1.5 0.25 1 1.25
code__a__595 1.5 0.5 -1 1.25
code__a__596 1.5 0.5 -0.5 1.25
code__a__597 1.5 0.5 0 1.25
code__a__598 1.5 0.5 0.5 1.25
code__a__599 1.5 0.5 1 1.25
code__a__600 1.5 -0.5 -1 1.5
code__a__601 1.5 -0.5 -0.5 1.5
code__a__602 1.5 -0.5 0 1.5
code__a__603 1.5 -0.5 0.5 1.5
code__a__604 1.5 -0.5 1 1.5
code__a__605 1.5 -0.25 -1 1.5
code__a__606 1.5 -0.25 -0.5 1.5
code__a__607 1.5 -0.25 0 1.5
code__a__608 1.5 -0.25 0.5 1.5
code__a__609 1.5 -0.25 1 1.5
code__a__610 1.5 0 -1 1.5
code__a__611 1.5 0 -0.5 1.5
code__a__612 1.5 0 0 1.5
code__a__613 1.5 0 0.5 1.5
code__a__614 1.5 0 1 1.5
code__a__615 1.5 0.25 -1 1.5
code__a__616 1.5 0.25 -0.5 1.5
code__a__617 1.5 0.25 0 1.5
code__a__618 1.5 0.25 0.5 1.5
code__a__619 1.5 0.25 1 1.5
code__a__620 1.5 0.5 -1 1.5
code__a__621 1.5 0.5 -0.5 1.5
code__a__622 1.5 0.5 0 1.5
code__a__623 1.5 0.5 0.5 1.5
code__a__624 1.5 0.5 1 1.5
